"Coin Price","tick"
97.3165100029024,1.0
86.57858488416989,2.0
88.78395867663085,3.0
92.08793454735574,4.0
94.23183774012351,5.0
84.63192788704266,6.0
85.16390371270951,7.0
79.77934615037698,8.0
80.94868565635494,9.0
85.34579166629457,10.0
93.3656957263889,11.0
96.37464380222752,12.0
95.65405315507043,13.0
90.8942421988714,14.0
94.11256395627127,15.0
91.52827687127044,16.0
99.3144523762924,17.0
99.59823076955855,18.0
95.47269025953375,19.0
98.5130492559072,20.0
92.09662734033789,21.0
90.18643836144699,22.0
87.40649354211784,23.0
81.25637882605388,24.0
81.70937549464412,25.0
84.3372018303429,26.0
73.85756822280013,27.0
72.85518810013895,28.0
68.52841370308234,29.0
67.84008555911758,30.0
73.42331787871811,31.0
70.82550273935178,32.0
69.83437181757995,33.0
69.81648657203475,34.0
66.875843224997,35.0
66.98255628043077,36.0
67.2717426842848,37.0
68.28318783296409,38.0
72.78893855629606,39.0
67.15261645895967,40.0
68.50913386031914,41.0
74.52438474056123,42.0
81.28966466411353,43.0
81.55739737937625,44.0
82.75344610558045,45.0
87.99739605004707,46.0
96.31171502111708,47.0
95.31957189033777,48.0
95.20516706625374,49.0
98.07758955726194,50.0
101.18364841464262,51.0
95.37916158076078,52.0
94.68961463621203,53.0
95.81567488275357,54.0
87.80902974544792,55.0
89.80015409166617,56.0
91.48972466866401,57.0
95.99958865208002,58.0
104.007771189001,59.0
105.35572789227362,60.0
99.77279643369586,61.0
98.6439367819424,62.0
98.37961102242619,63.0
91.91340283195434,64.0
84.55709476080578,65.0
89.604813484661,66.0
87.7821883992736,67.0
84.80950178792482,68.0
83.77452825889753,69.0
81.88457605176455,70.0
72.09674414107248,71.0
66.06368004256926,72.0
69.49199500431034,73.0
66.33735605969609,74.0
58.81486068602996,75.0
58.030304417939185,76.0
60.51817417484872,77.0
59.10135529305054,78.0
62.23014815920301,79.0
59.725748007419526,80.0
62.6698125380688,81.0
62.9472984164266,82.0
58.595085000605074,83.0
57.80007685191516,84.0
59.80243058691186,85.0
51.90327670783017,86.0
50.446908368566014,87.0
50.33410861266486,88.0
50.8080356973423,89.0
48.314682448746844,90.0
46.02439862178049,91.0
45.69597298670562,92.0
43.31481665500617,93.0
43.69940571253804,94.0
40.07953584444271,95.0
42.34467257395727,96.0
42.10226861410207,97.0
43.168230749977255,98.0
41.08070776929884,99.0
41.60725021313446,100.0
38.86621576578526,101.0
36.687868705608416,102.0
39.15028798588732,103.0
41.45243567201864,104.0
41.15297844705403,105.0
41.50371980317318,106.0
38.34892095142454,107.0
40.19252311716343,108.0
39.741459370097296,109.0
35.21615044739103,110.0
36.82658552215433,111.0
39.27968389260161,112.0
36.12106786174778,113.0
40.087771759732966,114.0
42.37218967240832,115.0
41.22273622853015,116.0
41.39610681186657,117.0
40.14706973960928,118.0
40.88802427052455,119.0
37.36731383270788,120.0
36.563792175184574,121.0
33.98654885975558,122.0
34.126058763426656,123.0
32.36862261280486,124.0
31.03311722808225,125.0
32.36272819681068,126.0
30.21066920145723,127.0
29.686583829234714,128.0
31.946693792459776,129.0
33.56697615726798,130.0
33.61720474160466,131.0
34.73661818074145,132.0
36.312660183791465,133.0
35.11733274467837,134.0
33.46320303383227,135.0
34.138203100826566,136.0
31.98008090240535,137.0
34.029196176058036,138.0
34.85380458224211,139.0
33.70855917481184,140.0
35.6545436618561,141.0
35.97946388484961,142.0
38.86607462713669,143.0
39.41350297634998,144.0
41.291563340411294,145.0
38.921657681281395,146.0
37.36694146232909,147.0
39.01777369404785,148.0
39.22833778693257,149.0
37.031434783493815,150.0
36.46569188808215,151.0
38.02579471207563,152.0
37.846900381298255,153.0
35.87910400026588,154.0
37.38286791088228,155.0
34.008295151230236,156.0
32.73723289694846,157.0
33.3015045094922,158.0
32.351213595482804,159.0
30.57120185466956,160.0
30.50308833122773,161.0
26.96401078877465,162.0
25.304056532752117,163.0
23.979603573653073,164.0
24.34846069708842,165.0
24.45304580370499,166.0
26.270834558352583,167.0
25.537361912116733,168.0
26.372135653850854,169.0
25.200720883267287,170.0
24.694376193921197,171.0
23.34368766081404,172.0
24.497713272811694,173.0
21.371563811994836,174.0
21.63889348323468,175.0
21.062093276367964,176.0
19.664222444853543,177.0
20.331656172922386,178.0
20.757071576813498,179.0
20.225123317707997,180.0
19.22956315118905,181.0
19.643394070948226,182.0
19.930153511766466,183.0
19.358667110169023,184.0
19.178047356996316,185.0
19.013137073942747,186.0
16.96787510908513,187.0
17.040272759328197,188.0
17.235800142799363,189.0
16.810251158219227,190.0
17.85347468371539,191.0
17.108819855121503,192.0
16.812446626781302,193.0
17.261235819889738,194.0
17.766279947335708,195.0
18.265604725503326,196.0
18.399499481541408,197.0
17.627160585737457,198.0
17.1090133097084,199.0
16.949924320840537,200.0
15.954276129202837,201.0
15.621480763720042,202.0
15.741668932116673,203.0
13.674996966319258,204.0
12.697148728898865,205.0
13.463945737167286,206.0
12.807840797348694,207.0
12.756761190064905,208.0
11.783845965873365,209.0
11.755336834132322,210.0
11.339012659431852,211.0
11.336783083236874,212.0
12.500000890176018,213.0
12.845960789540113,214.0
11.758628309837794,215.0
11.74850607484534,216.0
10.951499840692913,217.0
10.864177689388596,218.0
11.102112206002229,219.0
11.545622453967379,220.0
11.160947668044017,221.0
11.864646334793191,222.0
12.210459323111255,223.0
11.411721806050249,224.0
10.850581366896648,225.0
9.883271694890956,226.0
9.538878120271303,227.0
9.045147531535976,228.0
8.924751247181186,229.0
8.74803900693035,230.0
8.506124707677213,231.0
9.024404908190778,232.0
8.933865397797389,233.0
8.043423422374696,234.0
8.075734469942311,235.0
8.160965187859786,236.0
8.107819900746025,237.0
8.045407162772884,238.0
8.471513230681712,239.0
9.001475533229055,240.0
8.632256304616567,241.0
8.711522613343162,242.0
9.085586234328778,243.0
9.163962239804523,244.0
9.5456835682749,245.0
9.630644287113094,246.0
10.295026738169815,247.0
9.741828142026014,248.0
9.859238373065766,249.0
10.3359896031081,250.0
10.521838405803138,251.0
10.89340197013755,252.0
10.209329091905822,253.0
9.653262199814616,254.0
9.659313254820908,255.0
9.512563795361093,256.0
8.93082405267962,257.0
9.071095243739414,258.0
8.974049332459613,259.0
8.607750437830946,260.0
8.23235086521303,261.0
8.40029392419751,262.0
7.831341144863724,263.0
7.942948355700209,264.0
7.6977729393645005,265.0
7.841416008169144,266.0
8.244690292571462,267.0
7.849587437303655,268.0
7.5944443064009475,269.0
7.199986399545417,270.0
6.672442332528459,271.0
5.819015881919678,272.0
5.855224071676357,273.0
6.158229645876242,274.0
6.35584160351685,275.0
6.776979059069113,276.0
6.987687780614641,277.0
6.994312170023549,278.0
7.257529656870961,279.0
7.162807982139796,280.0
6.965238914009686,281.0
7.263686901902872,282.0
6.904090472362515,283.0
6.876178248139102,284.0
6.546114210726202,285.0
6.598242972053373,286.0
6.940354767540358,287.0
5.955385537024792,288.0
5.904283365701381,289.0
5.96437081012733,290.0
6.617851917245482,291.0
7.069615780941267,292.0
7.223008429791991,293.0
7.404388964573136,294.0
7.522107870480674,295.0
7.034063481215133,296.0
6.813848088752944,297.0
6.581597485785418,298.0
6.455898905776129,299.0
6.866305078337791,300.0
6.872682783461793,301.0
6.784476525724412,302.0
6.70373550256005,303.0
7.006434766816435,304.0
7.035319191058121,305.0
7.2193974275508275,306.0
7.0346000201136825,307.0
6.85481811971896,308.0
7.140301897577068,309.0
6.827816636980348,310.0
6.853624745263082,311.0
6.891135564821608,312.0
6.962765685461151,313.0
7.056400141353621,314.0
7.030156719521436,315.0
6.8265872124489,316.0
6.625937715070559,317.0
6.1521916993176164,318.0
6.221042768978813,319.0
6.138165254162124,320.0
6.32234909650468,321.0
6.589810434784908,322.0
6.922652406453818,323.0
7.231916336820268,324.0
6.993421557084989,325.0
6.957423433097312,326.0
7.533553727349589,327.0
7.186311863136844,328.0
7.299826396843486,329.0
7.371322321588412,330.0
6.772245596856131,331.0
6.5344129228977605,332.0
6.834163228506666,333.0
6.98315976250329,334.0
6.806086679798326,335.0
7.120684930305964,336.0
7.076100742676287,337.0
7.844671522302948,338.0
7.579861944920623,339.0
7.490886977276404,340.0
7.559637199071741,341.0
6.759233841536665,342.0
6.485425694696343,343.0
6.470683428212357,344.0
6.526125556065764,345.0
6.547719467874203,346.0
6.332349609745827,347.0
6.276418924179595,348.0
6.860323935124309,349.0
6.886018803019507,350.0
7.236115420659461,351.0
7.299139437445988,352.0
7.2669492092338785,353.0
7.458952673238816,354.0
7.117520225447535,355.0
7.150792308490079,356.0
7.048311681084902,357.0
7.589416648002897,358.0
7.044409781279948,359.0
7.07905130555399,360.0
6.561745353178656,361.0
6.433795864464438,362.0
6.295434839469847,363.0
6.181844103615137,364.0
6.437654005608816,365.0
6.496722809533092,366.0
6.361549244416403,367.0
6.731634080650207,368.0
7.184416134166637,369.0
6.849737489950585,370.0
6.463642007211552,371.0
6.7634616907324165,372.0
6.914428637496416,373.0
6.347432764158997,374.0
6.860454670293839,375.0
6.9318536938205675,376.0
6.617818025080472,377.0
6.5483429880465875,378.0
6.425017881303483,379.0
7.030322997384269,380.0
7.423848595260104,381.0
6.662820269291291,382.0
6.750841639183778,383.0
7.487112791623597,384.0
8.015730052485612,385.0
8.086957346199911,386.0
7.903716066838666,387.0
7.945840223194948,388.0
7.733370834852928,389.0
7.436292395039007,390.0
7.34433241161283,391.0
8.057254603168476,392.0
8.459826259421915,393.0
8.617537822925716,394.0
8.757256745576793,395.0
8.394506317222898,396.0
8.274339895743795,397.0
8.294819768396477,398.0
8.625679150961853,399.0
7.918442410263843,400.0
7.994818007619092,401.0
8.370587182952114,402.0
8.43766593014435,403.0
7.785766260696674,404.0
7.774162653043474,405.0
8.14661543289341,406.0
7.747501299211868,407.0
7.340694307882693,408.0
6.874109462337359,409.0
6.76829635766194,410.0
6.96292303472604,411.0
6.655679076673635,412.0
6.4890091527858,413.0
6.542384731205892,414.0
6.283346731405249,415.0
6.862011696956559,416.0
6.066433942360759,417.0
6.497834116207429,418.0
6.942839388560586,419.0
7.304152516265753,420.0
7.360221664870595,421.0
7.1870070803740305,422.0
7.089760292554571,423.0
7.189830796970134,424.0
6.77163280667675,425.0
6.637962589299606,426.0
6.923637010868048,427.0
6.7887327764098595,428.0
6.90968759707806,429.0
6.9852524148768556,430.0
6.7269174618195064,431.0
6.764419246083033,432.0
6.816422313224524,433.0
6.406718263014153,434.0
6.341945806988141,435.0
6.342500612646356,436.0
5.673949076697335,437.0
5.230407479804101,438.0
4.9604261477536635,439.0
4.862499371200505,440.0
4.729290552705899,441.0
4.431300126496003,442.0
4.368646320078749,443.0
4.179222610908326,444.0
4.3925390198750875,445.0
4.2662736338304885,446.0
3.9120905584942625,447.0
3.8014004251913827,448.0
4.2300907095389695,449.0
4.201517015056887,450.0
3.8854220340975694,451.0
4.132937698065476,452.0
4.212407877886063,453.0
4.110121701314135,454.0
4.026225501848789,455.0
4.419017555207818,456.0
4.702039956990176,457.0
4.653530493384761,458.0
4.387376778418736,459.0
4.7194981287048705,460.0
4.28897569919925,461.0
4.355550622522069,462.0
4.6991177036849106,463.0
4.63805255364996,464.0
4.941645371468726,465.0
4.836843147322215,466.0
4.816862285943656,467.0
5.327412181803147,468.0
5.5918434944386455,469.0
5.634481719488165,470.0
5.561023942346264,471.0
5.256502490188133,472.0
5.038707405689866,473.0
5.1028609121435755,474.0
4.901168471755678,475.0
4.9962394394058744,476.0
5.1799340069870485,477.0
5.058053690543477,478.0
4.889317874836084,479.0
4.309216139134544,480.0
4.1080801327868794,481.0
3.948913338237552,482.0
4.379528170501359,483.0
