"run","Coin Price","tick"
1,95.51033388823271,1.0
1,95.22448278495884,2.0
1,99.66135313804413,3.0
1,99.4644713272565,4.0
1,103.1205911171816,5.0
1,104.02249548847992,6.0
1,100.69276916145141,7.0
1,100.45879473092171,8.0
1,96.11736956909336,9.0
1,95.05787430330011,10.0
1,92.62224951554323,11.0
1,92.36663326107816,12.0
1,93.3061684599669,13.0
1,92.88059361267183,14.0
1,90.13958014982254,15.0
1,91.70315289591984,16.0
1,88.95676167850681,17.0
1,93.17090870677451,18.0
1,96.51373447271267,19.0
1,98.81801158201583,20.0
1,98.93345096731956,21.0
1,103.69266512992078,22.0
1,105.30165925261686,23.0
1,101.55751682903333,24.0
1,96.76346867683824,25.0
1,96.16605394523005,26.0
1,100.23042677421644,27.0
1,96.993550790623,28.0
1,99.14600606434131,29.0
1,94.96209399231279,30.0
1,93.09721976222653,31.0
1,90.34564239484003,32.0
1,85.95974718430227,33.0
1,87.68390675407802,34.0
1,85.53032159164681,35.0
1,85.05117103376945,36.0
1,80.96030651636383,37.0
1,79.89039337250026,38.0
1,80.90623959405195,39.0
1,82.46757605383091,40.0
1,78.55985580002015,41.0
1,81.8659051423901,42.0
1,81.93699208874989,43.0
1,83.67651802318943,44.0
1,81.27212548202311,45.0
1,78.12797169156956,46.0
1,77.61593910035289,47.0
1,75.09942105097223,48.0
1,72.55888469384625,49.0
1,71.23678530266666,50.0
1,70.32174023730687,51.0
1,73.62848208976541,52.0
1,72.14996729654332,53.0
1,71.42855119655448,54.0
1,71.89263059082563,55.0
1,72.16527165056874,56.0
1,75.70322412731556,57.0
1,79.01065092683977,58.0
1,75.2206330771117,59.0
1,76.53998175871405,60.0
1,75.13356770174434,61.0
1,72.92074272273078,62.0
1,74.49375243565188,63.0
1,77.68769990712597,64.0
1,80.97550389231256,65.0
1,81.49829466461149,66.0
1,77.82055369554584,67.0
1,77.8650165637606,68.0
1,75.53451866606821,69.0
1,74.18650823873492,70.0
1,72.97013680112508,71.0
1,73.24272313298668,72.0
1,70.85879550935427,73.0
1,68.96529242048867,74.0
1,68.81090515111647,75.0
1,66.77961274843312,76.0
1,68.63907656414302,77.0
1,67.37032514902259,78.0
1,70.6144068347199,79.0
1,67.67460217569521,80.0
1,67.80270666982057,81.0
1,66.38346720581019,82.0
1,64.29630086147738,83.0
1,65.02140934836677,84.0
1,62.04508293864009,85.0
1,62.351732673321735,86.0
1,65.3201622682663,87.0
1,66.15845089926604,88.0
1,69.21054888311203,89.0
1,69.11137600857627,90.0
1,70.12656199111463,91.0
1,71.23653517152347,92.0
1,74.07712690641065,93.0
1,71.94726920798166,94.0
1,74.85222247444034,95.0
1,77.05352812819092,96.0
1,75.83532228890881,97.0
1,74.0641095363432,98.0
1,75.51285989752847,99.0
1,73.69613834107354,100.0
1,76.17393915570727,101.0
1,78.89191197132178,102.0
1,77.37202747041222,103.0
1,75.04977311956335,104.0
1,73.24795857377974,105.0
1,74.39548773582926,106.0
1,72.60252275865345,107.0
1,71.96259337792087,108.0
1,69.84215578146316,109.0
1,72.28634681455159,110.0
1,70.65966119894729,111.0
1,69.731755920994,112.0
1,72.86061516135346,113.0
1,72.38993030022056,114.0
1,69.66567579323991,115.0
1,66.47815660089599,116.0
1,69.34284406977724,117.0
1,70.17159156656618,118.0
1,68.47808411639205,119.0
1,68.83377483471243,120.0
1,71.57097561492213,121.0
1,74.6256006599389,122.0
1,77.12883660502467,123.0
1,77.78126150261174,124.0
1,78.50136506811579,125.0
1,78.00208387353688,126.0
1,77.62201333231636,127.0
1,77.73133332329114,128.0
1,78.82563939923614,129.0
1,78.69061068028174,130.0
1,77.54295391853566,131.0
1,79.57576192057111,132.0
1,78.78650816332234,133.0
1,82.46948132373392,134.0
1,80.96720930185941,135.0
1,78.2329888598495,136.0
1,77.61495938705137,137.0
1,80.1222074132852,138.0
1,82.14586225334803,139.0
1,85.34294035838796,140.0
1,81.72938855058861,141.0
1,83.14008511990474,142.0
1,81.99559813339194,143.0
1,80.59519007901915,144.0
1,84.14792746565672,145.0
1,88.29640856587254,146.0
1,85.7150312703589,147.0
1,82.54408604173668,148.0
1,81.38505923006623,149.0
1,85.19806240823101,150.0
1,88.78879330662244,151.0
1,87.77842972441573,152.0
1,91.31255500555132,153.0
1,89.81780233799043,154.0
1,90.62256132156134,155.0
1,94.77062778211375,156.0
1,98.33741364536633,157.0
1,99.43969504897336,158.0
1,102.7429724017677,159.0
1,102.59133482224071,160.0
1,102.5166189977796,161.0
1,100.49593215834388,162.0
1,103.58401991321523,163.0
1,107.268812121101,164.0
1,108.14229244786017,165.0
1,106.12845071416216,166.0
1,105.78502266197276,167.0
1,104.77219186319591,168.0
1,106.70269222393225,169.0
1,110.02405484601086,170.0
1,114.22385817156727,171.0
1,109.79700372896862,172.0
1,108.67841336491533,173.0
1,110.53178417960339,174.0
1,114.15023626206528,175.0
1,116.57603051027218,176.0
1,116.30027470722506,177.0
1,121.91695636424684,178.0
1,126.83872865678164,179.0
1,121.87902118517447,180.0
1,118.05272548126644,181.0
1,113.67151192675831,182.0
1,108.14477635035905,183.0
1,112.24366150285987,184.0
1,115.74940578483557,185.0
1,117.8180812074525,186.0
1,113.69491841106935,187.0
1,112.02194993802026,188.0
1,114.30750043292723,189.0
1,112.70502384311874,190.0
1,109.10637364154032,191.0
1,106.96603444952353,192.0
1,105.4526436167157,193.0
1,109.59403581803923,194.0
1,106.72902141836231,195.0
1,109.26025657021427,196.0
1,108.97832136372749,197.0
1,106.3462858581585,198.0
1,110.45526226989226,199.0
1,114.44341080006363,200.0
1,110.87642601353215,201.0
1,114.40134321346522,202.0
1,110.58046831015598,203.0
1,107.66797750909069,204.0
1,104.24144915597233,205.0
1,99.31795415192461,206.0
1,102.99258268948174,207.0
1,99.74852334840912,208.0
1,97.4038692364899,209.0
1,95.39465817839796,210.0
1,90.88406207186199,211.0
1,94.13146623236959,212.0
1,93.5170531304763,213.0
1,92.96183815403741,214.0
1,91.5763444607481,215.0
1,94.29479268351658,216.0
1,95.54059338450892,217.0
1,97.94198346762464,218.0
1,93.55703573267323,219.0
1,89.73865636188401,220.0
1,89.63421571046408,221.0
1,88.00305311180318,222.0
1,88.5413058951586,223.0
1,88.53498886913505,224.0
1,91.39369650748355,225.0
1,94.96973514869292,226.0
1,98.25146454702848,227.0
1,102.85372311234538,228.0
1,99.28537517785848,229.0
1,100.93319008272287,230.0
1,101.68977688711756,231.0
1,97.56593887695735,232.0
1,95.25262739520046,233.0
1,96.09016496925399,234.0
1,92.93152010752779,235.0
1,91.20069626553065,236.0
1,88.27301976127433,237.0
1,84.15944890798356,238.0
1,82.72376533487201,239.0
1,83.14867356689045,240.0
1,81.32543993812922,241.0
1,84.42947378598224,242.0
1,87.08640684567433,243.0
1,89.86428337369178,244.0
1,93.17340734420564,245.0
1,93.13156832381596,246.0
1,94.80461340255906,247.0
1,95.65101942619206,248.0
1,92.59335137352323,249.0
1,90.40334434808447,250.0
1,94.45693641995716,251.0
1,90.11754159132778,252.0
1,92.81577876817593,253.0
1,90.82463808740599,254.0
1,95.31223883574147,255.0
1,99.8340506153145,256.0
1,97.9567357572906,257.0
1,101.0221062440143,258.0
1,101.72408185720913,259.0
1,104.82633543121956,260.0
1,101.01580434814275,261.0
1,104.46010090211537,262.0
1,101.67539080182209,263.0
1,103.01074640331825,264.0
1,102.05230070012136,265.0
1,104.51596677372788,266.0
1,101.48262887027528,267.0
1,101.17135940853152,268.0
1,99.02537988307404,269.0
1,99.89082591396135,270.0
1,103.76435777005737,271.0
1,108.23171018887429,272.0
1,112.80775338772501,273.0
1,108.55812825335947,274.0
1,110.12674519481898,275.0
1,106.60394204079874,276.0
1,102.03897443272825,277.0
1,98.48544233506294,278.0
1,99.34979198958638,279.0
1,94.86035520344902,280.0
1,92.10830747548233,281.0
1,95.44839917937472,282.0
1,92.99487580945843,283.0
1,94.6640510227438,284.0
1,95.08424352606579,285.0
1,91.12318239843204,286.0
1,90.73018977556937,287.0
1,90.25691389522237,288.0
1,87.12732617225268,289.0
1,87.0029097217797,290.0
1,87.26421246654273,291.0
1,88.12950140154945,292.0
1,91.09928401625254,293.0
1,95.4360963755905,294.0
1,99.71276565478728,295.0
1,96.53692658400888,296.0
1,95.16385456235096,297.0
1,92.27285910611971,298.0
1,90.61537676468797,299.0
1,94.74145895998666,300.0
1,90.09718125709298,301.0
1,90.55552576619682,302.0
1,93.9700345640409,303.0
1,98.05444530588866,304.0
1,99.14476359057312,305.0
1,101.89879381313573,306.0
1,98.6945347420121,307.0
1,100.63970902373444,308.0
1,98.11299181476832,309.0
1,95.46329670815774,310.0
1,95.33305274691851,311.0
1,99.0515283094343,312.0
1,97.13718760914377,313.0
1,99.40100744473436,314.0
1,97.75856164493857,315.0
1,96.40777872282894,316.0
1,93.89615449927379,317.0
1,96.80793840516377,318.0
1,100.04384928767485,319.0
1,104.70565680858547,320.0
1,101.6299608906469,321.0
1,105.90802214257359,322.0
1,101.81848472467684,323.0
1,102.00404017258658,324.0
1,101.96232870248757,325.0
1,99.0875521707573,326.0
1,99.04720524178042,327.0
1,102.82086542041691,328.0
1,100.77452064804085,329.0
1,103.86956440683356,330.0
1,100.59739946951147,331.0
1,103.02206388114125,332.0
1,102.97536300273248,333.0
1,108.038652544847,334.0
1,112.36485423390006,335.0
1,113.08637159808293,336.0
1,111.55589504193121,337.0
1,111.91240051463836,338.0
1,110.4288235176611,339.0
1,111.53103063420679,340.0
1,116.70197823710755,341.0
1,116.02479059004513,342.0
1,111.8965926334494,343.0
1,115.00044307480505,344.0
1,114.93425252486406,345.0
1,113.02404288389049,346.0
1,117.33880530367144,347.0
1,120.3224786649585,348.0
1,124.95888711587747,349.0
1,124.7075140087994,350.0
1,121.69971808946148,351.0
1,118.5712000404783,352.0
1,122.4477134301967,353.0
1,124.6047692280439,354.0
1,123.00688702826793,355.0
1,118.7127427732316,356.0
1,119.0773319154427,357.0
1,118.60289058527198,358.0
1,122.7185749547358,359.0
1,120.79442650283647,360.0
1,123.35604037812375,361.0
1,126.06355922688687,362.0
1,119.7955916610261,363.0
1,119.75200404478058,364.0
1,117.98126381646001,365.0
1,118.42424829004305,366.0
1,113.56406129229316,367.0
1,117.38215833872911,368.0
1,120.54926683099228,369.0
1,121.27823526612474,370.0
1,122.49798535748502,371.0
1,121.77628979227809,372.0
1,116.92615233439147,373.0
1,112.49631786044762,374.0
1,114.09396951734641,375.0
1,118.240635975266,376.0
1,120.1828047730572,377.0
1,120.5179974476925,378.0
1,115.2718256247929,379.0
1,115.51159090197052,380.0
1,114.42750731873407,381.0
1,110.03373537002827,382.0
1,108.7000581331455,383.0
1,103.71744625171088,384.0
1,106.96682030115502,385.0
1,111.87581499527352,386.0
1,108.16897717905627,387.0
1,102.99039106093336,388.0
1,103.44683758591522,389.0
1,107.49276949327093,390.0
1,112.06111713986726,391.0
1,117.07445148519753,392.0
1,115.48065936898581,393.0
1,111.08355199635365,394.0
1,111.86001075493112,395.0
1,109.1978589265831,396.0
1,108.37297103018638,397.0
1,103.1541788025807,398.0
1,99.14153212608039,399.0
1,99.34130274262847,400.0
1,100.8487934180349,401.0
1,96.74475538851394,402.0
1,100.27422408938202,403.0
1,96.26217653208558,404.0
1,93.80416539348928,405.0
1,97.7784902577485,406.0
1,93.09446713984882,407.0
1,96.19444306974134,408.0
1,92.98709900711285,409.0
1,96.15625489942632,410.0
1,93.90212137837202,411.0
1,96.78988599611297,412.0
1,95.1564103058302,413.0
1,98.43118643139395,414.0
1,98.37879847309198,415.0
1,94.49037568406627,416.0
1,90.92442941106917,417.0
1,89.97423250478342,418.0
1,92.46700762216925,419.0
1,88.43038683375967,420.0
1,91.35401248697026,421.0
1,93.69213861359289,422.0
1,96.13454264946739,423.0
1,93.77317565374221,424.0
1,98.0030426725016,425.0
1,100.8118589183859,426.0
1,98.01549882479,427.0
1,97.56310681925696,428.0
1,99.54964626914929,429.0
1,100.0953359591602,430.0
1,100.01686000762496,431.0
1,104.9343998656004,432.0
1,109.48144245597787,433.0
1,109.11785206685236,434.0
1,108.0749420535647,435.0
1,106.98824630594912,436.0
1,106.49679398742313,437.0
1,102.73586192841806,438.0
1,100.58563503442504,439.0
1,102.19250229065707,440.0
1,99.32151257016585,441.0
1,98.40365697437035,442.0
1,100.04280686715798,443.0
1,102.55683576497344,444.0
1,98.91046071065597,445.0
1,97.237850049704,446.0
1,96.84908246969883,447.0
1,94.81195923442365,448.0
1,95.97357687522407,449.0
1,93.34511149502552,450.0
1,90.95338482450308,451.0
1,91.39549636272085,452.0
1,88.69778518896308,453.0
1,90.10113814475389,454.0
1,92.18591363747309,455.0
1,91.4774730231181,456.0
1,91.30425412085333,457.0
1,89.91203910169494,458.0
1,91.98813874563679,459.0
1,91.93103035657231,460.0
1,95.82663855664983,461.0
1,98.64168303112318,462.0
1,98.31744712315047,463.0
1,103.00504375444491,464.0
1,106.52577138194896,465.0
1,110.65852923778922,466.0
1,109.06989516164722,467.0
1,111.95356061038011,468.0
1,113.43176194584272,469.0
1,115.50173404087549,470.0
1,115.58199975172771,471.0
1,114.02146921111246,472.0
1,119.3441787150056,473.0
1,117.5099570329406,474.0
1,118.9907161713097,475.0
1,117.84168037279099,476.0
1,113.786706936589,477.0
1,112.77183096526011,478.0
1,115.72125560286402,479.0
1,117.23906228802997,480.0
1,115.6038082725673,481.0
1,112.38790178541122,482.0
1,117.69378421990193,483.0
1,117.65873686779004,484.0
1,116.50588368408347,485.0
1,117.00739934279466,486.0
1,112.89451158239787,487.0
1,113.85813940201547,488.0
1,111.41596095273893,489.0
1,112.78081172550107,490.0
1,109.57966774545008,491.0
1,112.96076297934523,492.0
1,115.95262149863751,493.0
1,112.03422827626771,494.0
1,106.53610619159652,495.0
1,106.01418087821708,496.0
1,106.99922841142349,497.0
1,107.4064173447121,498.0
1,109.94812431490183,499.0
1,105.0184203701455,500.0
